SEGMENT_H = 50
SEGMENT_V = 50
SIZE = 2587.00 2974.50

VERTEX_SET
126.000000
126.000000
144.000000
162.000000
162.000000
203.000000
232.500000
227.500000
252.000000
288.000000
306.000000
324.000000
239.000000
237.500000
242.500000
265.500000
247.500000
264.000000
228.000000
210.000000
210.000000
174.000000
161.000000
174.000000
144.500000
126.500000
131.500000
148.000000
138.000000
120.000000
138.000000
138.000000
115.000000
115.000000
121.500000
121.500000
115.000000
115.000000
133.000000
115.000000
115.000000
115.000000
92.000000
121.500000
111.500000
93.500000
93.500000
46.000000
34.500000
0.000000
0.000000
306.000000
406.000000
453.500000
309.500000
237.500000
255.500000
285.000000
332.500000
339.000000
363.500000
368.500000
375.000000
267.000000
283.500000
283.500000
277.000000
264.000000
264.000000
241.000000
228.000000
228.000000
192.000000
174.000000
162.500000
144.500000
139.500000
139.500000
121.500000
116.500000
123.000000
123.000000
106.500000
106.500000
116.500000
111.500000
116.500000
103.500000
116.500000
121.500000
105.000000
92.000000
115.000000
115.000000
92.000000
115.000000
98.500000
111.500000
100.000000
52.500000
41.000000
0.000000
655.500000
703.000000
744.000000
476.500000
375.000000
278.500000
326.000000
332.500000
390.000000
396.500000
426.000000
460.500000
377.000000
355.000000
362.500000
376.500000
354.500000
349.500000
320.000000
325.000000
258.500000
229.000000
196.000000
170.500000
147.500000
124.500000
124.500000
124.500000
106.500000
124.500000
106.500000
106.500000
106.500000
106.500000
95.000000
95.000000
88.500000
93.500000
105.000000
110.000000
121.500000
121.500000
143.000000
149.500000
166.000000
207.000000
207.000000
169.000000
111.500000
70.500000
243.000000
709.500000
793.000000
834.000000
558.500000
447.000000
393.000000
331.000000
372.000000
400.000000
457.500000
475.500000
497.000000
420.000000
416.000000
432.500000
391.500000
382.500000
339.000000
316.000000
316.000000
279.000000
224.000000
224.000000
194.500000
183.000000
-67.500000
-82.500000
-85.000000
-100.500000
-60.000000
147.500000
129.500000
118.000000
106.500000
106.500000
123.000000
134.500000
116.500000
138.000000
156.000000
149.500000
171.000000
210.500000
204.000000
232.000000
261.500000
273.000000
246.500000
193.500000
118.000000
249.500000
536.000000
685.000000
696.500000
672.000000
447.000000
431.000000
307.500000
374.000000
420.000000
452.000000
500.500000
502.000000
427.500000
400.500000
403.000000
371.000000
354.500000
345.500000
313.500000
311.000000
281.500000
231.500000
211.000000
-61.500000
-84.500000
-107.500000
-110.000000
-98.500000
-114.000000
-97.500000
-108.000000
-90.500000
162.500000
134.500000
128.000000
133.000000
128.000000
133.000000
151.000000
151.000000
154.500000
189.000000
205.500000
232.000000
278.000000
362.500000
369.000000
354.000000
304.500000
154.000000
90.000000
495.000000
524.500000
524.500000
375.000000
403.000000
428.500000
372.000000
319.000000
393.000000
436.500000
468.500000
500.500000
385.000000
345.500000
340.500000
340.500000
325.000000
322.500000
293.000000
275.000000
263.500000
202.500000
-82.000000
-84.500000
-102.500000
-111.500000
-114.000000
-116.500000
-137.000000
-121.500000
-127.000000
-118.500000
-80.500000
134.000000
129.000000
124.000000
126.500000
133.000000
156.000000
151.000000
151.000000
167.500000
189.000000
225.500000
270.000000
385.500000
398.500000
393.500000
321.000000
222.000000
108.000000
270.000000
288.000000
267.000000
349.000000
369.500000
395.000000
397.500000
338.000000
390.500000
425.000000
429.000000
350.500000
279.000000
284.000000
258.500000
256.000000
258.500000
258.500000
240.500000
222.500000
179.500000
-93.500000
-134.500000
-137.000000
-143.500000
-157.500000
-157.500000
-157.500000
-155.000000
-152.500000
-159.000000
-159.000000
-143.000000
-120.500000
127.500000
113.500000
122.500000
120.000000
135.500000
110.000000
128.000000
116.500000
128.000000
148.000000
214.000000
336.000000
369.000000
359.000000
332.500000
260.000000
126.000000
198.000000
257.000000
256.500000
277.000000
374.500000
413.000000
397.500000
371.500000
375.000000
402.000000
336.500000
270.000000
261.000000
266.000000
263.500000
258.500000
240.500000
222.500000
222.500000
204.500000
128.500000
-109.000000
-134.500000
-155.000000
-162.500000
-180.500000
-178.000000
-191.000000
-165.500000
-188.500000
-168.000000
-168.000000
-176.000000
-135.500000
109.500000
86.500000
107.000000
107.000000
99.500000
94.500000
107.500000
105.000000
115.000000
192.000000
212.000000
347.500000
370.500000
354.000000
326.000000
242.000000
141.000000
162.000000
164.000000
264.000000
171.500000
323.000000
379.500000
406.500000
407.500000
257.000000
272.500000
266.000000
222.500000
225.000000
248.000000
250.500000
227.500000
222.500000
222.500000
189.000000
148.500000
-122.000000
-155.000000
-160.000000
-180.500000
-201.000000
-203.500000
-191.000000
-188.500000
-206.500000
-186.000000
-178.500000
-183.500000
-178.500000
-169.000000
94.000000
94.000000
86.500000
79.000000
76.500000
97.000000
117.500000
94.500000
141.000000
172.000000
246.000000
259.500000
337.500000
349.000000
311.000000
202.000000
146.000000
154.000000
182.000000
156.000000
32.500000
138.000000
408.000000
446.500000
445.000000
203.000000
189.000000
207.000000
186.500000
189.000000
219.500000
238.500000
229.500000
215.500000
211.500000
207.500000
155.500000
-141.500000
-151.500000
-163.000000
-177.000000
-184.500000
-172.000000
-190.000000
-196.500000
-214.500000
-219.500000
-237.500000
-235.000000
-237.500000
-199.500000
28.000000
68.500000
66.000000
84.000000
81.500000
84.000000
113.500000
125.000000
246.500000
269.500000
272.000000
274.500000
336.500000
316.500000
230.000000
207.000000
146.000000
172.000000
205.000000
187.000000
63.500000
101.500000
320.000000
329.000000
334.000000
341.500000
160.000000
146.000000
148.000000
180.000000
159.500000
137.500000
130.000000
127.500000
139.000000
141.500000
94.000000
-168.500000
-185.000000
-192.500000
-195.000000
-180.000000
-170.000000
-175.000000
-194.000000
-182.500000
-185.000000
-201.500000
-181.500000
-193.000000
-170.500000
72.000000
69.500000
67.000000
90.000000
92.500000
130.500000
166.000000
208.000000
290.000000
306.500000
314.500000
295.500000
322.000000
329.500000
271.000000
256.000000
133.000000
172.000000
223.000000
207.500000
135.000000
62.500000
271.000000
370.500000
419.000000
403.500000
229.500000
200.000000
175.500000
175.500000
168.000000
170.500000
163.000000
156.500000
156.500000
145.500000
110.500000
81.500000
-180.000000
-178.500000
-187.500000
-172.500000
-147.000000
-142.000000
-128.000000
-139.500000
-152.000000
-142.000000
-176.500000
-153.500000
-137.500000
111.500000
95.000000
88.500000
98.500000
123.500000
136.000000
146.000000
220.000000
297.000000
334.000000
298.500000
277.000000
324.000000
308.500000
296.000000
258.000000
178.000000
159.000000
195.000000
209.500000
163.000000
90.500000
176.000000
375.000000
424.500000
276.500000
270.000000
245.500000
202.000000
204.500000
184.000000
186.500000
157.500000
150.000000
136.500000
126.500000
106.500000
74.000000
-192.500000
-209.000000
-191.500000
-133.500000
-124.500000
-138.500000
-124.500000
-134.500000
-147.000000
-139.500000
-151.000000
-143.500000
87.500000
109.000000
100.000000
111.000000
128.500000
141.000000
148.500000
162.000000
195.000000
223.000000
287.500000
282.500000
253.500000
266.000000
300.500000
304.500000
259.000000
193.000000
159.000000
200.000000
209.500000
252.500000
173.500000
210.500000
275.000000
289.000000
286.500000
300.500000
250.500000
186.500000
168.500000
176.000000
168.500000
147.000000
113.000000
69.500000
43.000000
23.000000
-8.500000
4.500000
-197.500000
-194.000000
-144.000000
-121.500000
-90.000000
-81.000000
-114.000000
-137.500000
-140.000000
-132.500000
-95.000000
106.000000
117.500000
113.500000
133.500000
124.500000
128.000000
138.000000
188.000000
179.000000
185.500000
201.000000
247.500000
245.500000
255.500000
299.000000
314.500000
270.000000
182.500000
123.000000
151.000000
171.000000
266.000000
210.500000
275.000000
262.000000
274.000000
247.000000
210.000000
176.500000
161.000000
165.500000
127.500000
122.500000
112.500000
37.500000
-5.000000
-5.000000
8.000000
28.000000
22.000000
18.500000
37.500000
-166.500000
-155.000000
-116.500000
-125.500000
-124.000000
-145.500000
-168.500000
109.000000
114.000000
130.500000
138.000000
131.500000
241.500000
256.500000
377.500000
487.500000
530.000000
555.000000
568.000000
205.500000
219.000000
227.000000
252.500000
293.500000
295.000000
270.000000
192.500000
74.000000
112.000000
168.000000
240.500000
238.500000
295.500000
266.000000
165.500000
131.000000
151.500000
147.500000
152.500000
166.000000
140.500000
134.000000
77.500000
42.500000
20.000000
40.500000
48.000000
38.500000
3.500000
-7.500000
-11.500000
-2.500000
-14.000000
-5.500000
-19.500000
53.000000
103.000000
120.500000
130.000000
135.000000
141.500000
146.500000
264.000000
424.000000
481.500000
550.000000
572.500000
567.500000
562.500000
560.000000
570.500000
563.000000
276.000000
229.000000
280.500000
282.000000
262.000000
179.500000
20.000000
63.000000
114.000000
187.500000
246.000000
265.000000
213.000000
102.000000
120.000000
122.500000
125.000000
140.000000
163.500000
178.500000
134.500000
124.500000
74.000000
12.500000
13.000000
-19.500000
-56.500000
-75.000000
-88.500000
-95.000000
-99.000000
-99.500000
-69.500000
-54.500000
-2.000000
55.500000
105.500000
112.500000
137.500000
152.500000
264.000000
449.000000
543.000000
571.500000
579.000000
605.000000
570.000000
565.000000
557.500000
550.000000
563.000000
558.000000
283.000000
243.000000
256.000000
223.500000
141.000000
15.000000
50.000000
60.000000
187.000000
210.000000
221.500000
182.500000
155.500000
136.500000
150.500000
169.500000
179.500000
183.000000
191.500000
194.000000
154.000000
82.000000
-8.000000
-149.000000
-319.500000
-321.500000
-321.000000
-371.000000
-355.000000
-334.500000
-279.500000
-182.000000
-107.000000
-97.000000
-29.500000
78.000000
87.500000
115.000000
237.500000
412.500000
506.500000
566.500000
576.500000
576.500000
621.500000
590.000000
565.000000
555.000000
550.000000
552.500000
545.000000
460.500000
295.000000
243.000000
201.500000
118.000000
35.000000
85.000000
100.000000
186.000000
228.000000
175.500000
160.500000
146.500000
153.000000
144.000000
142.500000
173.000000
185.500000
217.000000
197.000000
142.000000
19.500000
-242.500000
-394.000000
-489.500000
-549.000000
-596.000000
-655.000000
-611.500000
-597.500000
-526.500000
-441.500000
-306.500000
-189.000000
-66.500000
-7.000000
70.500000
72.500000
202.500000
412.500000
515.000000
579.000000
566.500000
583.000000
591.500000
597.500000
560.000000
555.000000
547.500000
555.000000
545.000000
550.000000
442.000000
221.000000
176.000000
100.000000
65.000000
75.000000
107.500000
130.000000
172.000000
177.500000
137.500000
137.500000
146.500000
149.000000
154.000000
166.500000
149.000000
151.500000
120.500000
6.000000
-206.500000
-444.000000
-580.000000
-670.000000
-708.000000
-788.000000
-830.500000
-837.000000
-858.000000
-738.000000
-602.000000
-478.500000
-319.500000
-187.000000
-27.000000
100.500000
120.000000
246.000000
431.000000
494.500000
598.500000
569.500000
556.500000
571.500000
581.500000
560.000000
552.500000
555.000000
550.000000
550.000000
547.500000
443.000000
236.000000
170.000000
87.500000
55.000000
75.000000
100.000000
120.000000
127.500000
130.000000
99.000000
124.500000
131.000000
131.000000
143.500000
116.000000
110.000000
115.000000
17.500000
-181.500000
-402.000000
-633.000000
-762.500000
-862.500000
-850.500000
-934.000000
-932.500000
-939.000000
-961.500000
-943.000000
-830.500000
-640.500000
-405.500000
-233.000000
-173.000000
4.000000
106.500000
264.000000
462.500000
537.500000
581.500000
591.500000
589.000000
573.500000
536.500000
520.000000
550.000000
557.500000
552.500000
545.000000
547.500000
404.000000
194.500000
150.000000
65.000000
35.000000
70.000000
97.500000
117.500000
125.000000
82.500000
113.000000
129.500000
138.500000
133.500000
111.000000
92.000000
81.000000
43.000000
-109.500000
-330.500000
-608.000000
-840.000000
-950.500000
-1039.000000
-1107.000000
-1092.500000
-1052.500000
-1059.000000
-1108.500000
-1106.500000
-1030.500000
-875.500000
-553.000000
-330.500000
-230.500000
-86.000000
61.500000
249.000000
455.000000
539.000000
556.500000
583.000000
578.000000
570.500000
554.000000
514.500000
502.500000
512.500000
520.000000
500.000000
390.000000
356.500000
162.000000
125.000000
40.000000
0.000000
65.000000
90.000000
111.500000
142.000000
142.500000
147.500000
147.500000
150.000000
108.500000
103.500000
81.000000
71.000000
34.500000
-168.000000
-527.500000
-770.000000
-1045.000000
-1235.000000
-1339.000000
-1369.000000
-1344.500000
-1345.500000
-1312.500000
-1260.000000
-1232.000000
-1183.500000
-1063.500000
-830.000000
-565.000000
-341.500000
-165.000000
-64.000000
175.000000
422.500000
517.500000
544.000000
551.500000
560.500000
573.500000
534.500000
559.500000
531.500000
465.000000
452.500000
450.000000
345.000000
177.500000
109.500000
97.500000
0.000000
0.000000
37.500000
96.000000
106.000000
139.000000
146.500000
140.000000
150.000000
152.500000
112.500000
86.000000
76.000000
61.000000
1.000000
-249.000000
-643.000000
-882.000000
-1177.500000
-1400.000000
-1580.000000
-1635.500000
-1665.000000
-1572.000000
-1562.000000
-1510.500000
-1463.500000
-1429.000000
-1328.000000
-1012.000000
-775.000000
-502.500000
-337.500000
-240.000000
-125.000000
80.000000
364.000000
533.000000
563.500000
535.500000
537.000000
556.000000
567.500000
555.000000
506.500000
435.000000
345.000000
297.500000
95.000000
69.500000
46.000000
0.000000
19.000000
83.500000
119.000000
129.000000
139.000000
135.000000
154.000000
136.000000
130.000000
86.000000
73.500000
59.500000
51.000000
-19.000000
-320.000000
-699.000000
-971.500000
-1211.000000
-1462.500000
-1692.500000
-1795.000000
-1848.500000
-1796.000000
-1747.000000
-1704.500000
-1658.000000
-1634.500000
-1570.000000
-1230.000000
-917.500000
-632.500000
-457.500000
-295.000000
-177.500000
-97.500000
137.500000
449.000000
485.500000
522.000000
527.000000
566.500000
560.500000
554.000000
503.000000
329.000000
282.500000
102.500000
22.500000
34.500000
46.000000
0.000000
75.000000
109.000000
130.500000
140.500000
134.000000
118.500000
114.500000
103.000000
65.000000
35.000000
32.500000
22.500000
4.000000
-88.000000
-400.000000
-704.000000
-1032.500000
-1249.000000
-1475.000000
-1700.000000
-1820.000000
-1887.500000
-1946.000000
-1928.000000
-1920.000000
-1916.500000
-1832.500000
-1650.500000
-1347.500000
-975.000000
-747.500000
-542.500000
-402.500000
-220.000000
-106.500000
-4.500000
19.500000
404.500000
463.000000
481.500000
582.500000
590.000000
469.500000
398.500000
149.000000
65.000000
2.500000
0.000000
34.500000
57.500000
46.000000
89.000000
129.500000
139.500000
126.500000
108.500000
67.500000
77.500000
87.500000
57.500000
37.500000
42.500000
27.500000
-42.500000
-185.000000
-411.500000
-715.000000
-1007.500000
-1291.500000
-1477.000000
-1702.500000
-1850.000000
-1957.500000
-2055.000000
-2053.000000
-2039.000000
-2006.000000
-1920.000000
-1641.500000
-1293.500000
-1040.000000
-832.500000
-630.000000
-475.000000
-259.500000
-186.500000
-53.000000
5.000000
26.000000
63.000000
94.500000
206.500000
269.500000
218.000000
147.000000
0.000000
0.000000
0.000000
0.000000
46.000000
57.500000
69.000000
95.500000
115.500000
128.000000
89.500000
62.500000
67.500000
77.500000
82.500000
77.500000
40.000000
40.000000
2.500000
-77.500000
-192.500000
-375.500000
-674.000000
-955.000000
-1249.000000
-1484.500000
-1695.000000
-1882.500000
-2017.500000
-2097.500000
-2105.000000
-2063.000000
-1972.500000
-1801.000000
-1502.000000
-1264.000000
-1051.000000
-815.000000
-645.000000
-490.000000
-300.500000
-214.000000
-111.500000
-17.500000
47.000000
48.500000
133.000000
153.000000
141.500000
113.500000
69.000000
0.000000
0.000000
0.000000
0.000000
46.000000
46.000000
92.000000
102.000000
115.500000
88.500000
52.500000
60.000000
62.500000
67.500000
82.500000
97.500000
75.500000
48.000000
9.500000
-68.000000
-189.500000
-353.000000
-566.000000
-792.000000
-1117.000000
-1366.500000
-1617.500000
-1797.500000
-2055.000000
-2090.000000
-2087.500000
-2036.000000
-1798.500000
-1654.500000
-1394.500000
-1177.500000
-997.000000
-814.500000
-633.500000
-454.000000
-306.000000
-191.500000
-90.500000
-48.000000
-29.500000
46.500000
109.000000
148.000000
103.500000
80.500000
0.000000
0.000000
0.000000
0.000000
0.000000
46.000000
57.500000
80.500000
92.000000
108.000000
42.500000
50.000000
55.000000
62.500000
84.000000
117.000000
136.000000
144.000000
72.500000
39.000000
-38.500000
-171.000000
-306.000000
-430.500000
-598.500000
-843.500000
-1160.000000
-1399.500000
-1546.000000
-1720.000000
-1837.500000
-1840.000000
-1805.000000
-1668.500000
-1471.500000
-1283.000000
-1063.500000
-936.000000
-726.000000
-585.000000
-429.500000
-298.000000
-206.500000
-81.500000
-73.500000
-32.000000
44.000000
99.000000
132.500000
57.500000
23.000000
0.000000
0.000000
0.000000
0.000000
11.500000
57.500000
57.500000
92.000000
92.000000
91.500000
35.000000
45.000000
52.500000
94.500000
116.000000
130.000000
140.000000
164.000000
83.000000
50.500000
-34.500000
-150.500000
-294.500000
-414.000000
-529.500000
-694.500000
-932.500000
-1164.000000
-1424.500000
-1547.000000
-1619.500000
-1662.000000
-1637.000000
-1535.500000
-1359.000000
-1156.500000
-983.000000
-870.500000
-712.000000
-553.000000
-391.500000
-296.500000
-204.000000
-99.000000
-77.500000
16.500000
44.000000
101.500000
131.000000
34.500000
0.000000
0.000000
0.000000
0.000000
0.000000
23.000000
57.500000
69.000000
92.000000
80.500000
61.000000
30.000000
37.500000
93.500000
112.500000
127.500000
144.000000
146.500000
130.500000
108.000000
34.000000
-83.500000
-166.000000
-311.000000
-427.000000
-516.000000
-683.000000
-923.500000
-1122.500000
-1383.500000
-1537.000000
-1654.500000
-1649.500000
-1590.000000
-1492.000000
-1343.000000
-1182.000000
-981.000000
-858.000000
-717.000000
-495.000000
-381.500000
-289.000000
-213.500000
-135.000000
-79.000000
-10.500000
24.500000
79.500000
99.000000
38.000000
0.000000
0.000000
0.000000
0.000000
0.000000
23.000000
69.000000
69.000000
80.500000
80.500000
39.500000
22.500000
67.000000
97.500000
116.500000
134.000000
136.500000
127.500000
78.500000
53.500000
38.500000
-100.500000
-200.500000
-313.000000
-448.000000
-532.500000
-733.500000
-1005.000000
-1225.500000
-1415.000000
-1604.000000
-1777.500000
-1759.500000
-1649.000000
-1515.000000
-1370.000000
-1167.500000
-1036.000000
-865.000000
-674.000000
-508.000000
-385.500000
-256.500000
-200.000000
-165.000000
-103.500000
-32.500000
44.500000
88.000000
87.500000
17.500000
0.000000
0.000000
0.000000
0.000000
0.000000
23.000000
69.000000
80.500000
80.500000
69.000000
46.000000
17.500000
96.500000
127.000000
139.500000
124.000000
108.500000
75.000000
15.000000
-15.000000
-30.000000
-112.500000
-195.000000
-305.000000
-472.500000
-648.500000
-871.000000
-1061.000000
-1255.000000
-1465.000000
-1557.500000
-1617.000000
-1586.500000
-1572.500000
-1530.000000
-1387.500000
-1158.000000
-1017.500000
-850.000000
-651.500000
-493.500000
-357.000000
-253.500000
-160.000000
-147.500000
-81.000000
-14.000000
61.500000
84.000000
78.500000
22.500000
0.000000
0.000000
0.000000
0.000000
0.000000
0.000000
69.000000
80.500000
92.000000
69.000000
11.500000
34.500000
121.000000
156.500000
175.500000
135.500000
57.500000
70.000000
10.000000
-25.000000
-55.000000
-102.500000
-202.500000
-312.500000
-478.500000
-636.000000
-807.000000
-944.500000
-1140.000000
-1318.000000
-1449.000000
-1537.500000
-1412.500000
-1430.000000
-1395.000000
-1229.000000
-1118.500000
-892.500000
-727.500000
-598.000000
-407.000000
-290.500000
-168.000000
-117.500000
-97.000000
-60.000000
28.500000
65.000000
71.000000
55.500000
22.500000
5.000000
0.000000
0.000000
0.000000
0.000000
0.000000
69.000000
92.000000
80.500000
80.500000
0.000000
57.500000
122.500000
172.000000
205.000000
199.500000
52.500000
65.000000
15.000000
-22.500000
-52.500000
-117.500000
-202.500000
-357.500000
-557.500000
-617.000000
-741.500000
-879.500000
-982.000000
-1127.500000
-1222.500000
-1260.000000
-1245.000000
-1201.500000
-1205.500000
-1144.500000
-1060.000000
-822.500000
-660.000000
-464.000000
-291.000000
-150.500000
-104.500000
-61.500000
-47.000000
-25.000000
32.000000
67.500000
83.500000
55.500000
22.500000
2.500000
0.000000
0.000000
0.000000
0.000000
0.000000
69.000000
80.500000
69.000000
69.000000
0.000000
11.500000
115.000000
171.000000
209.000000
201.000000
128.000000
60.000000
10.000000
-12.500000
-45.000000
-117.500000
-200.000000
-370.000000
-557.000000
-619.500000
-739.500000
-778.500000
-871.500000
-981.000000
-1041.000000
-1073.500000
-1089.000000
-1093.000000
-1077.500000
-1042.500000
-955.000000
-765.000000
-570.000000
-386.500000
-232.500000
-144.500000
-54.000000
-41.500000
-15.500000
17.000000
56.000000
85.000000
83.500000
50.500000
20.000000
0.000000
0.000000
0.000000
0.000000
0.000000
0.000000
57.500000
80.500000
80.500000
57.500000
0.000000
0.000000
92.000000
138.000000
166.000000
182.000000
162.500000
157.000000
90.000000
29.500000
-28.500000
-95.000000
-172.500000
-365.000000
-496.500000
-577.000000
-643.500000
-724.500000
-774.500000
-875.500000
-932.000000
-968.000000
-978.500000
-970.000000
-949.000000
-889.000000
-829.000000
-663.000000
-430.000000
-277.000000
-170.500000
-99.000000
-54.500000
-15.000000
17.000000
58.500000
75.000000
95.000000
78.500000
48.000000
15.000000
0.000000
0.000000
0.000000
0.000000
0.000000
0.000000
46.000000
69.000000
80.500000
57.500000
11.500000
0.000000
0.000000
92.000000
115.000000
131.500000
150.000000
153.500000
150.500000
81.500000
39.000000
-7.500000
-71.000000
-242.500000
-377.500000
-402.500000
-494.500000
-560.500000
-654.000000
-741.000000
-806.500000
-863.500000
-856.000000
-858.500000
-816.000000
-776.000000
-710.000000
-547.500000
-326.500000
-190.000000
-106.000000
-27.000000
25.000000
38.000000
88.000000
91.500000
109.000000
92.500000
76.000000
20.000000
10.000000
0.000000
0.000000
0.000000
0.000000
0.000000
0.000000
46.000000
69.000000
69.000000
69.000000
34.500000
0.000000
0.000000
0.000000
69.000000
103.500000
118.500000
137.000000
155.500000
113.000000
63.000000
23.000000
-34.500000
-157.000000
-273.500000
-322.000000
-384.000000
-446.500000
-587.000000
-662.500000
-739.500000
-774.500000
-779.500000
-796.000000
-742.000000
-691.000000
-630.000000
-415.000000
-232.000000
-122.000000
-59.500000
24.500000
48.500000
111.000000
109.500000
120.500000
138.500000
133.500000
114.500000
35.500000
0.000000
0.000000
0.000000
0.000000
0.000000
0.000000
0.000000
69.000000
92.000000
80.500000
80.500000
57.500000
0.000000
0.000000
0.000000
0.000000
23.000000
72.500000
114.000000
134.000000
136.500000
91.500000
51.500000
-7.000000
-87.000000
-128.000000
-207.000000
-269.000000
-369.500000
-518.500000
-604.500000
-670.000000
-676.000000
-717.500000
-698.500000
-662.500000
-597.500000
-457.500000
-287.000000
-150.000000
-67.000000
13.500000
87.000000
98.500000
109.500000
104.000000
124.500000
156.500000
149.000000
107.000000
57.500000
57.500000
34.500000
0.000000
0.000000
0.000000
0.000000
0.000000
69.000000
80.500000
80.500000
92.000000
57.500000
0.000000
0.000000
0.000000
0.000000
0.000000
5.000000
45.000000
65.000000
98.000000
87.000000
56.000000
32.500000
-5.000000
-46.000000
-98.500000
-186.000000
-277.500000
-458.500000
-528.000000
-579.500000
-637.500000
-652.500000
-625.000000
-582.500000
-500.000000
-352.500000
-221.500000
-117.000000
-32.500000
64.000000
86.000000
86.500000
101.500000
87.500000
117.000000
146.500000
127.500000
103.500000
69.000000
69.000000
57.500000
34.500000
0.000000
0.000000
0.000000
11.500000
80.500000
92.000000
69.000000
92.000000
80.500000
46.000000
0.000000
0.000000
0.000000
0.000000
5.000000
35.000000
60.000000
70.000000
85.000000
45.000000
-7.500000
-47.500000
3.000000
-35.000000
-92.000000
-198.500000
-347.500000
-442.500000
-495.000000
-522.500000
-525.000000
-480.000000
-427.500000
-310.000000
-216.000000
-122.500000
-35.500000
42.000000
55.500000
52.000000
48.000000
25.000000
31.500000
84.000000
111.000000
103.500000
92.000000
69.000000
69.000000
69.000000
69.000000
23.000000
0.000000
0.000000
34.500000
69.000000
92.000000
69.000000
92.000000
92.000000
80.500000
0.000000
0.000000
0.000000
0.000000
0.000000
15.000000
50.000000
65.000000
70.000000
80.000000
57.500000
-5.000000
31.500000
56.500000
13.000000
-60.000000
-195.000000
-244.000000
-319.500000
-355.000000
-320.000000
-262.500000
-195.000000
-155.000000
-88.000000
10.500000
47.000000
60.500000
77.500000
40.500000
26.500000
10.000000
14.000000
46.000000
69.000000
69.000000
69.000000
57.500000
69.000000
115.000000
103.500000
69.000000
0.000000
0.000000
46.000000
69.000000
69.000000
57.500000
92.000000
92.000000
92.000000
69.000000
0.000000
0.000000
0.000000
0.000000
0.000000
20.000000
45.000000
55.000000
60.000000
55.000000
50.000000
52.500000
63.500000
56.500000
16.000000
-57.500000
-96.500000
-113.000000
-114.500000
-99.500000
-92.000000
-65.500000
-18.500000
47.500000
56.000000
80.500000
69.000000
23.000000
11.500000
0.000000
0.000000
0.000000
46.000000
69.000000
69.000000
69.000000
46.000000
138.000000
138.000000
115.000000
92.000000
34.500000
23.000000
69.000000
80.500000
57.500000
34.500000
80.500000
92.000000
103.500000
103.500000
80.500000
0.000000
0.000000
0.000000
0.000000
0.000000
15.000000
25.000000
35.000000
30.000000
30.000000
77.500000
89.000000
134.000000
80.000000
-16.500000
-21.500000
-38.000000
-40.500000
-33.000000
-14.000000
1.000000
90.000000
126.500000
126.500000
80.500000
46.000000
11.500000
0.000000
0.000000
0.000000
0.000000
34.500000
57.500000
80.500000
115.000000
138.000000
195.500000
126.500000
115.000000
92.000000
46.000000
69.000000
80.500000
80.500000
69.000000
0.000000
46.000000
80.500000
103.500000
115.000000
126.500000
115.000000
69.000000
57.500000
34.500000
23.000000
0.000000
5.000000
15.000000
10.000000
10.000000
57.500000
69.000000
92.000000
103.500000
92.000000
34.500000
34.500000
34.500000
34.500000
46.000000
115.000000
138.000000
126.500000
126.500000
80.500000
11.500000
0.000000
0.000000
0.000000
0.000000
0.000000
23.000000
80.500000
126.500000
161.000000
172.500000
184.000000
184.000000
161.000000
126.500000
92.000000
115.000000
103.500000
92.000000
57.500000
0.000000
0.000000
57.500000
103.500000
115.000000
126.500000
126.500000
115.000000
92.000000
80.500000
80.500000
69.000000
69.000000
69.000000
80.500000
69.000000
92.000000
115.000000
138.000000
138.000000
115.000000
103.500000
115.000000
92.000000
126.500000
138.000000
161.000000
149.500000
149.500000
126.500000
57.500000
34.500000
46.000000
46.000000
57.500000
46.000000
57.500000
57.500000
57.500000
126.500000
149.500000
172.500000
172.500000
161.000000
138.000000
92.000000
103.500000
115.000000
103.500000
80.500000
57.500000
0.000000
0.000000
0.000000
69.000000
103.500000
126.500000
126.500000
103.500000
92.000000
92.000000
80.500000
80.500000
92.000000
92.000000
80.500000
92.000000
80.500000
115.000000
138.000000
138.000000
138.000000
126.500000
126.500000
126.500000
138.000000
149.500000
172.500000
149.500000
115.000000
103.500000
57.500000
57.500000
69.000000
57.500000
69.000000
69.000000
69.000000
57.500000
57.500000
69.000000
126.500000
138.000000
126.500000
103.500000
80.500000
80.500000
103.500000
92.000000
92.000000
57.500000
0.000000
0.000000
0.000000
0.000000
0.000000
46.000000
92.000000
92.000000
92.000000
80.500000
80.500000
80.500000
80.500000
80.500000
92.000000
80.500000
80.500000
80.500000
69.000000
115.000000
138.000000
138.000000
138.000000
138.000000
126.500000
138.000000
138.000000
138.000000
115.000000
103.500000
69.000000
69.000000
57.500000
69.000000
69.000000
80.500000
69.000000
69.000000
46.000000
46.000000
46.000000
46.000000
69.000000
46.000000
57.500000
69.000000
57.500000
69.000000
69.000000
57.500000
0.000000
0.000000
0.000000
0.000000
0.000000
0.000000
0.000000
0.000000
0.000000
0.000000
11.500000
34.500000
46.000000
57.500000
57.500000
57.500000
69.000000
57.500000
69.000000
57.500000
57.500000
80.500000
92.000000
103.500000
92.000000
115.000000
115.000000
103.500000
92.000000
57.500000
57.500000
46.000000
46.000000
57.500000
46.000000
46.000000
57.500000
57.500000
46.000000
23.000000
23.000000
0.000000
0.000000
0.000000
0.000000
0.000000
0.000000
11.500000
0.000000
0.000000
0.000000
0.000000
0.000000
0.000000
END_VERTEX_SET
